99
10	
15	
20
100
500
584663
4616829
3290540
3063535
4132034
4007578
2988551
1009080
2603440
459006
1342808
4374385
4544081
2024608
1618353
3082774
1358225
1139702
2409545
3060868
3775617
252280
3020909
3766997
2175392
1818429
4054826
1684673
1322722
3102056
1134047
1558832
3445375
1564265
652297
3038580
3498853
3171660
4424686
4867610
161470
960029
3479334
1430563
970097
2081650
694
1966
4295
3925
3481
1299
1454
2021
327
2531
2666
2262
3855
2615
338
73
2036
4610
256
1219
1608
3747
882
2016
689
3878
4319
740
3838
4964
464
4390
4616
2749
185
3054
4990
3001
1474
3715
3041
3458
3658
4249
3558
2463
3315
1598
