100
4580840
1992600
4123899
3268712
4811001
1032625
2885180
1151148
4663117
3632273
3952250
1821512
4968056
4476096
1720948
722942
432970
2299127
3672296
3664666
120992
124160
557174
1884915
1639191
1753033
1288931
3078912
4469916
103563
4851129
988308
407391
316050
1327371
2829623
1925734
2502376
466709
577635
337534
4432546
3007426
2195352
2062028
4609478
1391880
946012
647745
4058199
2992303
3920531
4767211
4982912
3476847
1803702
4092393
1151897
3873206
2567475
2016055
886808
2457864
1025313
2316327
2429271
3617217
2676574
3313457
725373
1947318
1453384
2962785
4622988
84858
609684
4547566
3470535
4970620
1179150
501547
635198
2141965
3882925
4791831
4802871
751040
1123474
4119823
4564283
3212651
146717
3095587
4465786
3812489
1494636
3604613
453787
556353
1997618
