103
10
15
20
5555004
930492
4259605
1460268
2993813
8050640
1939737
4012708
1902210
9612175
9332253
4572534
1102782
261912
9332293
1186929
4150577
4855898
7908218
6976185
7338826
2827127
5891965
7536166
2210784
4073884
6733969
3242808
8965931
4417699
2948720
1502808
471955
8646593
4758395
5524562
7814046
4887398
1678917
7855930
7474777
9275922
3379440
4787789
4243564
9884674
9784638
8016290
4107382
2173422
8453718
5079588
6719280
4337251
1846387
9018954
5393253
9853980
5437902
8654762
7289444
1168531
6887743
8694064
3858908
6948599
7066945
4275030
8094431
8516600
8954026
826727
7525513
6431882
707907
6780138
9075563
348578
9469346
9690777
5731989
9069740
410895
5030212
6847891
363455
6097067
4586764
2266673
553374
6226587
9435131
5663104
2343945
2438584
4203243
4869522
8746903
1512463
4529010
