75
557160
2706940
2631666
1392021
3660597
3546933
4224357
2055138
3634646
3312340
4922579
2465145
4495578
640240
3218696
1916472
1234450
1364117
3021176
4495397
4876879
3671866
2007230
1355565
1652058
4815789
1137071
58651
2093782
4735135
352193
4407824
1680563
995622
3726897
1113628
1133797
1144539
1804541
1991116
2016669
3558367
1974608
4672016
3947413
1488169
188395
3268631
4966638
4961323
1362824
1737265
2074522
1286032
819321
1421233
3579363
731649
1801464
4355775
2446246
604970
1839343
527850
2736796
3716899
1645262
1485990
1724193
4272481
4311954
4625024
3501753
4522933
3974757
