80
3498323
2440048
5022051
5777550
9860224
6913455
4706434
8762655
8556661
2833282
6693718
5983270
5674155
1112462
4670306
9027636
4189523
3075741
2225912
4785878
4133196
7256221
8503441
8617860
4618119
8679779
8571078
329453
2883259
57304
9721166
4017949
746095
145823
8543736
4381025
7793537
7121010
2669301
3825829
4081221
1934226
4900918
5180792
9824455
8243235
1942116
7497949
8683135
4672334
984995
3877743
6842730
6091860
3404239
6358023
614177
478738
2144481
9224087
8729753
1264083
6626113
6038668
8685848
4071665
5180654
9554672
7050590
3552925
5635301
6636378
8650864
5402800
6998903
9694071
9281553
5236575
1677908
486913
